test | iterations | model    | suser    | ssystem | %cpu | total      | KBavgshared(code) | KBavgunshared(data/stack) | KBtotal(sum) | MBmaxmemory | pagefaultsfromdisk | otherpagefaults | snoops | atoms  | evaluations | passes | fails  | active
asrt | 1          | asrt-bad | 8.20     | 0.03    | 99   | 0:8.270    | 0                 | 0                         | 0            | 48          | 0                  | 7434            | 20568  | 15442  | 10287       | 5148   | 5139   | 5152
asrt | 2          | asrt-bad | 32.03    | 0.04    | 99   | 0:32.121   | 0                 | 0                         | 0            | 50          | 0                  | 8548            | 40432  | 30340  | 20221       | 10119  | 10102  | 10115
asrt | 3          | asrt-bad | 73.09    | 0.04    | 99   | 1:13.17    | 0                 | 0                         | 0            | 52          | 0                  | 8640            | 60288  | 45232  | 30151       | 15088  | 15063  | 15076
asrt | 4          | asrt-bad | 134.30   | 0.01    | 99   | 2:14.35    | 0                 | 0                         | 0            | 55          | 0                  | 9252            | 80144  | 60124  | 40081       | 20057  | 20024  | 20037
asrt | 5          | asrt-bad | 215.02   | 0.04    | 99   | 3:35.11    | 0                 | 0                         | 0            | 57          | 0                  | 10354           | 100000 | 75016  | 50011       | 25026  | 24985  | 24998
asrt | 6          | asrt-bad | 302.45   | 0.02    | 99   | 5:02.51    | 0                 | 0                         | 0            | 59          | 0                  | 10967           | 119856 | 89908  | 59941       | 29995  | 29946  | 29959
asrt | 7          | asrt-bad | 399.14   | 0.03    | 99   | 6:39.21    | 0                 | 0                         | 0            | 62          | 0                  | 11680           | 139712 | 104800 | 69871       | 34964  | 34907  | 34920
asrt | 8          | asrt-bad | 529.92   | 0.03    | 99   | 8:49.99    | 0                 | 0                         | 0            | 64          | 0                  | 12296           | 159568 | 119692 | 79801       | 39933  | 39868  | 39881
asrt | 9          | asrt-bad | 687.97   | 0.04    | 99   | 11:28.06   | 0                 | 0                         | 0            | 66          | 0                  | 12884           | 179424 | 134584 | 89731       | 44902  | 44829  | 44842
asrt | 10         | asrt-bad | 864.01   | 0.01    | 99   | 14:24.07   | 0                 | 0                         | 0            | 69          | 0                  | 13484           | 199280 | 149476 | 99661       | 49871  | 49790  | 49803
asrt | 20         | asrt-bad | 4124.99  | 0.11    | 99   | 1:08:45.21 | 0                 | 0                         | 0            | 92          | 0                  | 19249           | 397840 | 298396 | 198961      | 99561  | 99400  | 99413
asrt | 30         | asrt-bad | 9951.92  | 0.24    | 99   | 2:45:52.27 | 0                 | 0                         | 0            | 117         | 0                  | 26076           | 596400 | 447316 | 298261      | 149251 | 149010 | 149023
asrt | 40         | asrt-bad | 18512.88 | 0.34    | 99   | 5:08:33.45 | 0                 | 0                         | 0            | 139         | 0                  | 31836           | 794960 | 596236 | 397561      | 198941 | 198620 | 198633
