test|iterations|model|suser|ssystem|%cpu|total|KBavgshared(code)|KBavgunshared(data/stack)|KBtotal(sum)|MBmaxmemory|pagefaultsfromdisk|otherpagefaults|snoops|atoms|evaluations|passes|fails|active
asrt|1|clean|0.07|0.00|63|0:0.113|0|0|0|43|0|7025|20568|10302|5148|5148|0|12
asrt|1|asrt|0.18|0.03|83|0:0.260|0|0|0|45|0|7309|20568|10302|5148|5148|0|12
asrt|1|asrt-fast|0.11|0.03|79|0:0.179|0|0|0|45|0|7320|20568|10302|5148|5148|0|12
asrt|2|clean|0.08|0.00|66|0:0.123|0|0|0|43|0|7019|40432|20237|10119|10119|0|12
asrt|2|asrt|0.41|0.03|91|0:0.485|0|0|0|45|0|6808|40432|20237|10119|10119|0|12
asrt|2|asrt-fast|0.18|0.02|83|0:0.245|0|0|0|45|0|6809|40432|20237|10119|10119|0|12
asrt|3|clean|0.05|0.03|65|0:0.117|0|0|0|43|0|7014|60288|30168|15088|15088|0|12
asrt|3|asrt|0.50|0.02|93|0:0.562|0|0|0|45|0|6815|60288|30168|15088|15088|0|12
asrt|3|asrt-fast|0.26|0.01|87|0:0.308|0|0|0|45|0|7302|60288|30168|15088|15088|0|12
asrt|4|clean|0.06|0.02|65|0:0.115|0|0|0|43|0|7014|80144|40099|20057|20057|0|12
asrt|4|asrt|0.61|0.05|94|0:0.695|0|0|0|45|0|6794|80144|40099|20057|20057|0|12
asrt|4|asrt-fast|0.32|0.04|90|0:0.398|0|0|0|45|0|7297|80144|40099|20057|20057|0|12
asrt|5|clean|0.06|0.01|65|0:0.115|0|0|0|43|0|6997|100000|50030|25026|25026|0|12
asrt|5|asrt|0.79|0.04|95|0:0.878|0|0|0|45|0|6797|100000|50030|25026|25026|0|12
asrt|5|asrt-fast|0.42|0.02|91|0:0.479|0|0|0|45|0|7302|100000|50030|25026|25026|0|12
asrt|6|clean|0.06|0.01|64|0:0.110|0|0|0|43|0|7012|119856|59961|29995|29995|0|12
asrt|6|asrt|0.83|0.08|96|0:0.952|0|0|0|45|0|7326|119856|59961|29995|29995|0|12
asrt|6|asrt-fast|0.49|0.00|92|0:0.536|0|0|0|45|0|6813|119856|59961|29995|29995|0|12
asrt|7|clean|0.08|0.01|68|0:0.132|0|0|0|43|0|7001|139712|69892|34964|34964|0|12
asrt|7|asrt|1.66|0.04|97|0:1.741|0|0|0|45|0|7318|139712|69892|34964|34964|0|12
asrt|7|asrt-fast|0.53|0.02|93|0:0.591|0|0|0|45|0|7314|139712|69892|34964|34964|0|12
asrt|8|clean|0.07|0.02|65|0:0.135|0|0|0|43|0|7008|159568|79823|39933|39933|0|12
asrt|8|asrt|1.23|0.03|96|0:1.308|0|0|0|45|0|7320|159568|79823|39933|39933|0|12
asrt|8|asrt-fast|0.68|0.02|94|0:0.737|0|0|0|45|0|6820|159568|79823|39933|39933|0|12
asrt|9|clean|0.09|0.00|67|0:0.129|0|0|0|43|0|7009|179424|89754|44902|44902|0|12
asrt|9|asrt|1.33|0.06|97|0:1.427|0|0|0|45|0|7320|179424|89754|44902|44902|0|12
asrt|9|asrt-fast|0.68|0.02|93|0:0.750|0|0|0|45|0|6800|179424|89754|44902|44902|0|12
asrt|10|clean|0.07|0.02|68|0:0.126|0|0|0|43|0|7004|199280|99685|49871|49871|0|12
asrt|10|asrt|1.44|0.06|97|0:1.535|0|0|0|45|0|6794|199280|99685|49871|49871|0|12
asrt|10|asrt-fast|0.74|0.01|95|0:0.792|0|0|0|45|0|6795|199280|99685|49871|49871|0|12
asrt|20|clean|0.09|0.01|72|0:0.143|0|0|0|43|0|7002|397840|198995|99561|99561|0|12
asrt|20|asrt|2.86|0.11|98|0:3.016|0|0|0|45|0|6813|397840|198995|99561|99561|0|12
asrt|20|asrt-fast|1.50|0.01|97|0:1.558|0|0|0|45|0|7319|397840|198995|99561|99561|0|12
asrt|30|clean|0.09|0.03|75|0:0.160|0|0|0|43|0|7020|596400|298305|149251|149251|0|12
asrt|30|asrt|4.41|0.23|99|0:4.678|0|0|0|45|0|6807|596400|298305|149251|149251|0|12
asrt|30|asrt-fast|2.21|0.02|98|0:2.277|0|0|0|45|0|7312|596400|298305|149251|149251|0|12
asrt|40|clean|0.14|0.00|79|0:0.185|0|0|0|43|0|7019|794960|397615|198941|198941|0|12
asrt|40|asrt|5.39|0.30|99|0:5.727|0|0|0|45|0|6808|794960|397615|198941|198941|0|12
asrt|40|asrt-fast|2.87|0.02|98|0:2.928|0|0|0|45|0|7307|794960|397615|198941|198941|0|12
asrt|50|clean|0.14|0.02|80|0:0.196|0|0|0|43|0|7017|993520|496925|248631|248631|0|12
asrt|50|asrt|6.94|0.40|99|0:7.377|0|0|0|45|0|7310|993520|496925|248631|248631|0|12
asrt|50|asrt-fast|3.27|0.01|98|0:3.323|0|0|0|45|0|7333|993520|496925|248631|248631|0|12
asrt|60|clean|0.17|0.01|81|0:0.214|0|0|0|43|0|7001|1192080|596235|298321|298321|0|12
asrt|60|asrt|8.29|0.34|99|0:8.667|0|0|0|45|0|6801|1192080|596235|298321|298321|0|12
asrt|60|asrt-fast|4.11|0.06|99|0:4.210|0|0|0|45|0|7333|1192080|596235|298321|298321|0|12
asrt|70|clean|0.19|0.02|83|0:0.248|0|0|0|43|0|7015|1390640|695545|348011|348011|0|12
asrt|70|asrt|9.55|0.40|99|0:9.992|0|0|0|45|0|7323|1390640|695545|348011|348011|0|12
asrt|70|asrt-fast|4.91|0.04|99|0:4.994|0|0|0|45|0|7320|1390640|695545|348011|348011|0|12
asrt|80|clean|0.21|0.01|85|0:0.260|0|0|0|43|0|7027|1589200|794855|397701|397701|0|12
asrt|80|asrt|10.87|0.43|99|0:11.339|0|0|0|45|0|7326|1589200|794855|397701|397701|0|12
asrt|80|asrt-fast|5.33|0.00|99|0:5.374|0|0|0|45|0|6800|1589200|794855|397701|397701|0|12
asrt|90|clean|0.20|0.03|85|0:0.270|0|0|0|43|0|7022|1787760|894165|447391|447391|0|12
asrt|90|asrt|12.23|0.46|99|0:12.731|0|0|0|45|0|7320|1787760|894165|447391|447391|0|12
asrt|90|asrt-fast|5.85|0.01|99|0:5.897|0|0|0|45|0|7317|1787760|894165|447391|447391|0|12
asrt|100|clean|0.24|0.01|86|0:0.285|0|0|0|43|0|7028|1986320|993475|497081|497081|0|12
asrt|100|asrt|13.54|0.52|99|0:14.100|0|0|0|45|0|7311|1986320|993475|497081|497081|0|12
asrt|100|asrt-fast|6.62|0.02|99|0:6.676|0|0|0|45|0|7304|1986320|993475|497081|497081|0|12
asrt|200|clean|0.43|0.00|91|0:0.467|0|0|0|43|0|7014|3971920|1986575|993981|993981|0|12
asrt|200|asrt|27.06|1.14|99|0:28.234|0|0|0|45|0|6805|3971920|1986575|993981|993981|0|12
asrt|200|asrt-fast|13.03|0.00|99|0:13.069|0|0|0|45|0|7321|3971920|1986575|993981|993981|0|12
asrt|300|clean|0.60|0.00|93|0:0.642|0|0|0|43|0|7023|5957520|2979675|1490881|1490881|0|12
asrt|300|asrt|40.59|1.67|99|0:42.303|0|0|0|45|0|7329|5957520|2979675|1490881|1490881|0|12
asrt|300|asrt-fast|19.30|0.03|99|0:19.363|0|0|0|45|0|6803|5957520|2979675|1490881|1490881|0|12
asrt|400|clean|0.77|0.01|95|0:0.825|0|0|0|43|0|7001|7943120|3972775|1987781|1987781|0|12
asrt|400|asrt|54.52|2.28|99|0:56.845|0|0|0|45|0|6798|7943120|3972775|1987781|1987781|0|12
asrt|400|asrt-fast|25.77|0.01|99|0:25.832|0|0|0|45|0|7322|7943120|3972775|1987781|1987781|0|12
asrt|500|clean|0.94|0.02|96|0:0.995|0|0|0|43|0|7010|9928720|4965875|2484681|2484681|0|12
asrt|500|asrt|67.77|2.98|99|1:11.06|0|0|0|45|0|7314|9928720|4965875|2484681|2484681|0|12
asrt|500|asrt-fast|32.00|0.03|99|0:32.065|0|0|0|45|0|6808|9928720|4965875|2484681|2484681|0|12
asrt|600|clean|1.11|0.02|96|0:1.176|0|0|0|43|0|7021|11914320|5958975|2981581|2981581|0|12
asrt|600|asrt|81.70|3.47|99|1:25.22|0|0|0|45|0|7303|11914320|5958975|2981581|2981581|0|12
asrt|600|asrt-fast|38.65|0.00|99|0:38.692|0|0|0|45|0|7321|11914320|5958975|2981581|2981581|0|12
asrt|700|clean|1.30|0.01|97|0:1.353|0|0|0|43|0|7016|13899920|6952075|3478481|3478481|0|12
asrt|700|asrt|94.73|4.59|99|1:39.40|0|0|0|45|0|7307|13899920|6952075|3478481|3478481|0|12
asrt|700|asrt-fast|44.49|0.01|99|0:44.538|0|0|0|45|0|6817|13899920|6952075|3478481|3478481|0|12
asrt|800|clean|1.52|0.01|96|0:1.579|0|0|0|43|0|7017|15885520|7945175|3975381|3975381|0|12
asrt|800|asrt|109.77|4.91|99|1:54.72|0|0|0|45|0|7317|15885520|7945175|3975381|3975381|0|12
asrt|800|asrt-fast|50.51|0.03|99|0:50.572|0|0|0|45|0|7331|15885520|7945175|3975381|3975381|0|12
asrt|900|clean|1.64|0.03|97|0:1.713|0|0|0|43|0|7017|17871120|8938275|4472281|4472281|0|12
asrt|900|asrt|123.40|5.10|99|2:08.54|0|0|0|45|0|7330|17871120|8938275|4472281|4472281|0|12
asrt|900|asrt-fast|58.02|0.02|99|0:58.081|0|0|0|45|0|7314|17871120|8938275|4472281|4472281|0|12
asrt|1000|clean|1.84|0.02|97|0:1.905|0|0|0|43|0|7005|19856720|9931375|4969181|4969181|0|12
asrt|1000|asrt|137.03|5.62|99|2:22.91|0|0|0|45|0|7320|19856720|9931375|4969181|4969181|0|12
asrt|1000|asrt-fast|63.77|0.01|99|1:03.82|0|0|0|45|0|7321|19856720|9931375|4969181|4969181|0|12
asrt|2000|clean|3.73|0.00|98|0:3.771|0|0|0|43|0|7010|39712720|19862375|9938181|9938181|0|12
asrt|2000|asrt|271.46|12.03|99|4:43.88|0|0|0|45|0|6814|39712720|19862375|9938181|9938181|0|12
asrt|2000|asrt-fast|126.41|0.02|99|2:06.47|0|0|0|45|0|6807|39712720|19862375|9938181|9938181|0|12
asrt|3000|clean|6.05|0.02|99|0:6.108|0|0|0|43|0|7021|59580724|29799377|14910182|14910182|0|12
asrt|3000|asrt|413.09|18.57|99|7:11.89|0|0|0|45|0|6783|59580724|29799377|14910182|14910182|0|12
asrt|3000|asrt-fast|190.58|0.00|99|3:10.62|0|0|0|45|0|7324|59580724|29799377|14910182|14910182|0|12
asrt|4000|clean|7.76|0.01|99|0:7.814|0|0|0|43|0|7002|79440724|39732377|19880182|19880182|0|12
asrt|4000|asrt|551.34|27.08|99|9:39.37|0|0|0|45|0|6815|79440724|39732377|19880182|19880182|0|12
asrt|4000|asrt-fast|252.59|0.01|99|4:12.63|0|0|0|45|0|6803|79440724|39732377|19880182|19880182|0|12
asrt|5000|clean|9.81|0.00|99|0:9.893|0|0|0|43|11|7013|99300724|49665377|24850182|24850182|0|12
asrt|5000|asrt|680.93|31.20|99|11:53.30|0|0|0|45|0|7326|99300724|49665377|24850182|24850182|0|12
asrt|5000|asrt-fast|317.95|0.02|99|5:18.02|0|0|0|45|0|7335|99300724|49665377|24850182|24850182|0|12
asrt|6000|clean|11.56|0.01|99|0:11.612|0|0|0|43|0|7018|119160724|59598377|29820182|29820182|0|12
asrt|6000|asrt|816.00|34.83|99|14:11.47|0|0|0|45|0|7323|119160724|59598377|29820182|29820182|0|12
asrt|6000|asrt-fast|377.57|0.02|99|6:17.62|0|0|0|45|0|6816|119160724|59598377|29820182|29820182|0|12
asrt|7000|clean|13.53|0.02|99|0:13.590|0|0|0|43|6|7018|139020724|69531377|34790182|34790182|0|12
asrt|7000|asrt|948.28|41.19|99|16:31.51|0|0|0|45|1|6798|139020724|69531377|34790182|34790182|0|12
asrt|7000|asrt-fast|440.49|0.02|99|7:20.55|0|0|0|45|0|7317|139020724|69531377|34790182|34790182|0|12
asrt|8000|clean|15.61|0.05|99|0:15.723|0|0|0|43|6|7010|158880724|79464377|39760182|39760182|0|12
asrt|8000|asrt|1087.73|48.04|99|18:58.89|0|0|0|45|1|6820|158880724|79464377|39760182|39760182|0|12
asrt|8000|asrt-fast|505.36|0.01|99|8:25.41|0|0|0|45|0|7317|158880724|79464377|39760182|39760182|0|12
asrt|9000|clean|17.67|0.03|99|0:17.736|0|0|0|43|6|7018|178740724|89397377|44730182|44730182|0|12
asrt|9000|asrt|1222.85|53.85|99|21:19.85|0|0|0|45|1|7323|178740724|89397377|44730182|44730182|0|12
asrt|9000|asrt-fast|568.34|0.02|99|9:28.41|0|0|0|45|0|7309|178740724|89397377|44730182|44730182|0|12
asrt|10000|clean|19.50|0.00|99|0:19.561|0|0|0|43|6|6996|198600724|99330377|49700182|49700182|0|12
asrt|10000|asrt|1370.97|58.02|99|23:50.93|0|0|0|45|1|6809|198600724|99330377|49700182|49700182|0|12
asrt|10000|asrt-fast|637.05|0.01|99|10:37.10|0|0|0|45|0|7313|198600724|99330377|49700182|49700182|0|12
asrt|11000|clean|21.72|0.00|99|0:21.757|0|0|0|43|6|7020|218460724|109263377|54670182|54670182|0|12
asrt|11000|asrt|1498.54|63.63|99|26:04.37|0|0|0|45|1|6820|218460724|109263377|54670182|54670182|0|12
asrt|11000|asrt-fast|695.85|0.02|99|11:35.91|0|0|0|45|0|7306|218460724|109263377|54670182|54670182|0|12
asrt|12000|clean|23.25|0.00|99|0:23.299|0|0|0|43|6|7010|238320724|119196377|59640182|59640182|0|12
asrt|12000|asrt|1638.78|67.34|99|28:28.44|0|0|0|45|1|7325|238320724|119196377|59640182|59640182|0|12
asrt|12000|asrt-fast|764.73|0.00|99|12:44.78|0|0|0|45|0|7318|238320724|119196377|59640182|59640182|0|12
asrt|13000|clean|25.02|0.01|99|0:25.067|0|0|0|43|6|7012|258180724|129129377|64610182|64610182|0|12
asrt|13000|asrt|1783.83|74.94|99|31:03.35|0|0|0|45|1|7329|258180724|129129377|64610182|64610182|0|12
asrt|13000|asrt-fast|847.49|0.02|99|14:07.55|0|0|0|45|0|6815|258180724|129129377|64610182|64610182|0|12
asrt|14000|clean|27.15|0.01|99|0:27.276|0|0|0|43|6|7003|278040724|139062377|69580182|69580182|0|12
asrt|14000|asrt|1912.27|80.92|99|33:17.46|0|0|0|45|1|7317|278040724|139062377|69580182|69580182|0|12
asrt|14000|asrt-fast|879.96|0.02|99|14:40.01|0|0|0|45|0|7324|278040724|139062377|69580182|69580182|0|12
asrt|15000|clean|28.51|0.03|99|0:28.582|0|0|0|43|6|7002|297900724|148995377|74550182|74550182|0|12
asrt|15000|asrt|2088.19|84.44|99|36:14.17|0|0|0|45|1|7313|297900724|148995377|74550182|74550182|0|12
asrt|15000|asrt-fast|949.66|0.02|99|15:49.72|0|0|0|45|0|7334|297900724|148995377|74550182|74550182|0|12
asrt|16000|clean|30.79|0.02|99|0:30.872|0|0|0|43|6|7028|317760724|158928377|79520182|79520182|0|12
asrt|16000|asrt|2202.56|94.52|99|38:19.30|0|0|0|45|1|7326|317760724|158928377|79520182|79520182|0|12
asrt|16000|asrt-fast|1014.13|0.02|99|16:54.19|0|0|0|45|0|7339|317760724|158928377|79520182|79520182|0|12
asrt|17000|clean|32.05|0.00|99|0:32.096|0|0|0|43|6|7026|337620724|168861377|84490182|84490182|0|12
asrt|17000|asrt|2309.85|94.59|99|40:07.28|0|0|0|45|1|7317|337620724|168861377|84490182|84490182|0|12
asrt|17000|asrt-fast|1072.80|0.01|99|17:52.84|0|0|0|45|0|7321|337620724|168861377|84490182|84490182|0|12
asrt|18000|clean|34.35|0.01|99|0:34.401|0|0|0|43|6|6997|357480724|178794377|89460182|89460182|0|12
asrt|18000|asrt|2461.44|100.69|99|42:45.20|0|0|0|45|1|6802|357480724|178794377|89460182|89460182|0|12
asrt|18000|asrt-fast|1132.13|0.03|99|18:52.20|0|0|0|45|0|7341|357480724|178794377|89460182|89460182|0|12
asrt|19000|clean|35.77|0.02|99|0:35.837|0|0|0|43|6|7018|377340724|188727377|94430182|94430182|0|12
asrt|19000|asrt|2593.71|106.49|99|45:02.62|0|0|0|45|1|7309|377340724|188727377|94430182|94430182|0|12
asrt|19000|asrt-fast|1194.15|0.04|99|19:54.23|0|0|0|45|0|7311|377340724|188727377|94430182|94430182|0|12
asrt|20000|clean|40.16|0.00|99|0:40.361|0|0|0|43|330|6811|397200724|198660377|99400182|99400182|0|12
asrt|20000|asrt|2763.21|115.16|99|48:02.90|0|0|0|45|1|6806|397200724|198660377|99400182|99400182|0|12
asrt|20000|asrt-fast|1260.79|0.03|99|21:00.86|0|0|0|45|0|6815|397200724|198660377|99400182|99400182|0|12
